704857263323742258
788494432692600895
784386286068826142
654487705543245825
723440861236690956
814886533928714250
729419111418953850
716950609219026976
784216678044270602
694929147272626176
793342740385628160
773960401251205180
769711892150878218
799245353395552256
728352393619570688
429843668661436437
775500562439077898
533845187412230146
728614595626926100
708552262074761309
758507717508726885
748055103570706562
662529660055322636
722208155039170623
728012511651037264
625904000247529503
305037399463821313
701939028349550652
489686444281954307
786389658841514066
469049158758563850
559393828931633177
756972905807478794
559357678787362818
694649382993264651
560123139690856484
770290521393725500
771783574457679872
812166976809074708
460857358050918400
675655162978762776
277870208713228298
761778095681175562
731335592415330355
793821612305678418
661646915212935237
783953207437164544
745460802248638635
342729668614553610
607024969087451157
802550445088309288
732883285310439424
548268274970918915
418110066529402881
807007027187810365
743367638687809558
302091488009912332
703132645797920819
758650942454235206
718196899689136168
789561330708250707
811300672687177758
299170515237601281
620328080484991016
791876021694627840
778377117993009163
438502245525487616
691006113407041546
627279690402365460
770538675910082581
503371851741790208
769621140192624652
689606260630618134
670780306902614056
695968291650273350
783803928143200266
770536153580961843
595282501623349259
769902768303374368
812131032349671447
759185435627880468
742175733211987988
736628358787367063
478730238088577055
810198925704298567
703325383403110490
611410256932634634
806245416562851910
617102039821975552
748335389281878057
812866440327462932
737036132738400286
711975741339992104
796142643822067722
788833724635938835
740371814416515133
519361611291426827
729104398315290625
782838139848228865
764125680970891325
779367208613576714
710417648835362906
730888320305070191
660985766758973444
807648763548008499
753470146567340152
792565509619056651
469398001522180097
239811302250250240
777443313899929600
811854254813478943
773703071405965342
705802823945682985
396219955919716352
812386555326627870
394977290553131018
333664774607077385
789611019340349461
547176333403357205
803484441141575710
531357970932695041
736483233742585866
786785318976225300
814648303211118642
713020358050971711
591347902530584594
777009675764760596
766544983636443146
749810355374522398
786415722066083840
747285686037643285
715482558896275496
463154963082772492
625840041285124117
792491205749374987
786755305459417108
406673942066102272
720131752819032064
572069562963591169
492810711559307279
740067099065581580
797963340848300083
781417212966862868
812988847243657237
441809709691830282
804121683714768926
788321706036953138
362404576315310081
784580788750123038
547605977034391573
748352540642508840
787535684952260618
806012364587008070
580232030487314453
550528522641342464
534169405932830732
759480586120331305
757956408632279080
776808640187203646
800123895411638272
809234706058707035
692911153331830834
781131102584307734
492488717462929438
593518907986542623
806927265396293652
788852470696771615
753078258517540895
692236434819514422
802611043616555071
807731120367599636
389097079802167297
418409320099741706
469778052268687371
759952703274483744
747564048828203119
691567589523980338
812573909580251156
787610536581922816
424332713021931541
791671583365660683
602284624164552712
749284565679603792
798032779072897035
787735434830675970
769175172300800000
768892537435848705
807338869363441705
787515110380929074
660269966385217538
667442227097632838
757052875674222682
659431613989519390
731690123363745814
771392920997199912
683232214712057866
717550608760045608
743035508145520681
727018958992965712
703326841473204334
596376310075359261
793073855265636353
705825476077289523
273268723685654528
716197972546813972
341321573132664832
806012292834525304
760300152925061171
811086119751254067
767213812969242655
769610610371330048
778779442284986439
759075017517826058
776964376493686804
812394923856101406
804292366139654144
453468267139301386
807553280523370496
599414636567199760
766162597300797470
811237076342145075
812202096401055756
797705450623729695
699326806905323520
806959797542584361
676899074728788007
805930551616733204
766876536044781569
698871120706928680
792936942098186270
159985870458322944
809245197279297576
551822641238114304
811293470986731621
237709807388196865
805475875905994823
516315050101833768
764714945686011976
739354715825111142
783449189220745226
815038594053046294
778042624333709352
753792173929136178
716057964112511070
786334158997553222
415250792807923722
729535810046787616
175372938743250946
628455025752014868
775406961914281996
548608985318686721
767225525906702337
761677728524664872
770344111273279510
762362325889056799
736493336252252205
593966021107515407
614996810871865384
444295160973754369
706263436295798884
769436675738566657
784890755607953439
693174299955036201
801321686388572161
799515343809806368
813580875085119489
792228560160292865
716775166016880690
611653581208158210
788102513756078136
797227111291027476
781039409788485692
689952461586563335
719826035507462148
788829884839231539
722708448042680382
420415147740233729
539930555257585667
422803690668294156
787066229457551371
800174154527408180
754172499079725158
805953755501166652
587273401429917706
781286477522141235
475065220935712769
764374103054090250
407954854544146463
569134865468096544
649707753979510813
730249802675126283
721542828332679189
679841490188632124
432313807532982330
738173585012817960
811059020042731560
657322075639382043
792151189244215307
348156219044659220
817560459791171584
785764479719309312
689447888413261847
798367470565982239
334529717656879123
793614911153766420
584571658111680532
593908465496490004
706333768943665224
510661062706593803
439513229673234446
806990649936838707
577603115897847811
496146474539679768
718296178663620689
732265218918449243
692727249450827857
788636357428772885
612277189861179404
710478781546233908
493427191741153291
745124369457479730
736071353295437858
772542860431851560
536371378044272677
795813407306809344
815119972795678761
761798963157925908
464177713897537537
464067618706423808
340327185871273999
754363550788747264
603866607244017684
790394054772391958
520759218836602880
569647203644211220
792229608085782568
708032353158824026
802633964405391433
813009400750014474
569873154676228106
741889248621363310
772928376540495902
692152908548014200
341754669561020426
776431811354034177
381912077956153354
788816458107846696
760826364684271616
755874044942876742
361305855544786966
487727509778071553
702206670511669260
487063942439632916
600523671689232418
431613819140440065
805974344001650698
435104691312001025
615637125576130591
334836569011781632
727270843151024128
618274765291126834
762780594245206067
683859237767872544
769081989017108524
785619298172796932
805872734885511170
617395078637289492
649617380544348181
780244545719762945
727995363000320051
544673151280349234
718305641940254728
811095939837591592
610109732195270676
648973434788773938
741438435713089579
805709615915991061
768855602117476425
782721248685064252
717452886820388885
740991233606025227
430817421444644865
658187051916591104
794661468154101821
703018130661703740
796111016265384006
728012303093465159
803865617043947521
758762571553046590
797888922335445012
758136879366406167
816873399690592277
692964050216157247
643209379029712947
364180382045962250
746803358714691634
774073479205093436
727298666297294949
700198424544280606
754381622048063578
787066187154194462
815691017474015302
552244148128710656
244663582682382347
636777377938014208
457202192877617162
695035298966405241
781468632446140417
782089861867634709
339446391984226305
743706350588002424
771109439431376907
753333657468403843
796437877156216912
766730273223737356
805506409772744734
462485363072696320
748990561146634310
660684979251970060
484737457149968396
733997279861538888
797302058457759755
729797791664046090
410168284978216961
797341920795033641
742596652967395470
808346862913716224
787361706783014933
802743041286864926
767872588943982592
755144795529150554
548272297182625793
662338848465879065
427980100487610369
792103168623771669
746070571728765069
743234729352101908
798285194833428552
360646453560868874
793323201815642134
301981147003617280
775160636177907712
703660140142002258